8.240782618522644043e-01 8.594137430191040039e-01
8.573301434516906738e-01 8.628650307655334473e-01
8.586378097534179688e-01 8.648794293403625488e-01
8.614865541458129883e-01 8.676512241363525391e-01
8.638430237770080566e-01 8.685111999511718750e-01
8.651641011238098145e-01 8.693377971649169922e-01
8.661828041076660156e-01 8.701270818710327148e-01
8.668818473815917969e-01 8.709064126014709473e-01
8.677098751068115234e-01 8.715826869010925293e-01
8.685263395309448242e-01 8.719249367713928223e-01
8.687074184417724609e-01 8.728170394897460938e-01
8.690920472145080566e-01 8.725945949554443359e-01
8.690541982650756836e-01 8.729288578033447266e-01
8.692170381546020508e-01 8.731370568275451660e-01
8.694322705268859863e-01 8.729809522628784180e-01
8.695958852767944336e-01 8.733655214309692383e-01
8.695186376571655273e-01 8.733916878700256348e-01
8.696419596672058105e-01 8.738254904747009277e-01
8.697659373283386230e-01 8.737913370132446289e-01
8.697333931922912598e-01 8.733555674552917480e-01
