3.225361878395080595e+01 2.989205841064453040e+01
2.979688896179199276e+01 2.932426500320434570e+01
2.934793903350830035e+01 2.891106237411499080e+01
2.906195208867390889e+01 2.869709428787231431e+01
2.886336291948954269e+01 2.853727815628051800e+01
2.870031622886657630e+01 2.838497085571288991e+01
2.853739149093627958e+01 2.823691568374633931e+01
2.841772559801737330e+01 2.814376327514648324e+01
2.834263469060261897e+01 2.807746137619018612e+01
2.828905173619588354e+01 2.802476968765258647e+01
2.824246124267578040e+01 2.798346324920654382e+01
2.820537819226582954e+01 2.794530216217041030e+01
2.817155410448710029e+01 2.791291667938232379e+01
2.814404817263285352e+01 2.788608409881591754e+01
2.811997794787088978e+01 2.786265516281127930e+01
2.809784921646118150e+01 2.783892753601074332e+01
2.807866012573242287e+01 2.781963954925537053e+01
2.806239563624064104e+01 2.780694454193115206e+01
2.804875441551208581e+01 2.779194095611572379e+01
2.803522635142008568e+01 2.777593070983886747e+01
