3.484815359115600586e+00 1.811471700668334961e+00
4.102987289428710938e+00 1.731111884117126465e+00
4.212485313415527344e+00 1.697576045989990234e+00
4.290735721588134766e+00 1.677097439765930176e+00
4.343477249145507812e+00 1.658853411674499512e+00
4.386255264282226562e+00 1.649529814720153809e+00
4.427298069000244141e+00 1.648393511772155762e+00
4.457458496093750000e+00 1.635422468185424805e+00
4.478379726409912109e+00 1.637503623962402344e+00
4.493962287902832031e+00 1.633547186851501465e+00
4.505516529083251953e+00 1.635964035987854004e+00
4.515050888061523438e+00 1.634404301643371582e+00
4.522252082824707031e+00 1.629811048507690430e+00
4.528045654296875000e+00 1.630000233650207520e+00
4.533808708190917969e+00 1.628530979156494141e+00
4.539632320404052734e+00 1.631055116653442383e+00
4.543500900268554688e+00 1.627272486686706543e+00
4.547484874725341797e+00 1.625394582748413086e+00
4.550189971923828125e+00 1.624309778213500977e+00
4.553091526031494141e+00 1.628240346908569336e+00
