7.840405106544494629e-01 8.483018279075622559e-01
8.528146743774414062e-01 8.579208254814147949e-01
8.610780239105224609e-01 8.618174791336059570e-01
8.650884032249450684e-01 8.651672005653381348e-01
8.678568005561828613e-01 8.683305382728576660e-01
8.735641837120056152e-01 8.775640726089477539e-01
8.808920383453369141e-01 8.820939660072326660e-01
8.873027563095092773e-01 8.919165730476379395e-01
8.925647139549255371e-01 9.007064104080200195e-01
9.090754389762878418e-01 9.149070382118225098e-01
9.209388494491577148e-01 9.256135821342468262e-01
9.293190836906433105e-01 9.301069974899291992e-01
9.319797158241271973e-01 9.322584271430969238e-01
9.342116713523864746e-01 9.353882670402526855e-01
9.369365572929382324e-01 9.373989105224609375e-01
9.382847547531127930e-01 9.391554594039916992e-01
9.388510584831237793e-01 9.388225078582763672e-01
9.385634660720825195e-01 9.362821578979492188e-01
9.376046061515808105e-01 9.358072280883789062e-01
9.374780654907226562e-01 9.371725320816040039e-01
