3.558982277234395042e+01 3.289246177673339844e+01
3.234876222928365053e+01 3.184895368576049890e+01
3.163018810907999523e+01 3.136973951339721722e+01
3.126635797182719045e+01 3.108522705078124915e+01
3.092553105036417804e+01 3.067002250671386676e+01
3.040286178588867116e+01 3.012735633850097727e+01
2.988986719767252609e+01 2.965175489425659094e+01
2.936587943394978950e+01 2.898195447921752788e+01
2.689307104746500698e+01 2.458555032730102496e+01
2.398524881045023704e+01 2.353758920669555721e+01
2.329210673014322808e+01 2.306057611465454116e+01
2.290768750826517675e+01 2.274943717956542955e+01
2.265180059432983484e+01 2.254481698989868121e+01
2.248070032437642496e+01 2.242587022781372141e+01
2.236804854393005471e+01 2.234727956771850543e+01
2.228846497853596986e+01 2.226193925857543832e+01
2.221405911763509167e+01 2.218060317993164077e+01
2.212102666854858413e+01 2.204277376174926673e+01
2.202841629028320369e+01 2.200092170715332074e+01
2.196093338966369757e+01 2.195686386108398480e+01
