2.660963535308837891e+00 1.204468965530395508e+00
3.221950292587280273e+00 1.135676026344299316e+00
3.388881206512451172e+00 1.117646932601928711e+00
3.486368417739868164e+00 1.087195277214050293e+00
3.606012344360351562e+00 1.072643637657165527e+00
3.790066003799438477e+00 1.061245799064636230e+00
3.957509756088256836e+00 1.041157484054565430e+00
4.153287887573242188e+00 1.007929921150207520e+00
5.347612857818603516e+00 9.698722362518310547e-01
7.552901268005371094e+00 9.607962369918823242e-01
8.509380340576171875e+00 9.501346945762634277e-01
9.251054763793945312e+00 9.480621218681335449e-01
9.771038055419921875e+00 9.539141058921813965e-01
1.013089179992675781e+01 9.330474138259887695e-01
1.041318416595458984e+01 9.235886931419372559e-01
1.059133052825927734e+01 9.229910969734191895e-01
1.077635765075683594e+01 9.199681878089904785e-01
1.095224666595458984e+01 9.286117553710937500e-01
1.113629436492919922e+01 9.354534149169921875e-01
1.127181148529052734e+01 9.275055527687072754e-01
