8.425264358520507812e-01 8.947467803955078125e-01
9.045457243919372559e-01 9.104248881340026855e-01
9.149162769317626953e-01 9.191576242446899414e-01
9.210708737373352051e-01 9.238930344581604004e-01
9.244738817214965820e-01 9.261537790298461914e-01
9.265630245208740234e-01 9.279087781906127930e-01
9.278993010520935059e-01 9.287176132202148438e-01
9.293918013572692871e-01 9.289066791534423828e-01
9.264619946479797363e-01 9.262050986289978027e-01
9.274592399597167969e-01 9.251250028610229492e-01
9.275432825088500977e-01 9.252223968505859375e-01
9.252756237983703613e-01 9.275259971618652344e-01
9.306376576423645020e-01 9.321703314781188965e-01
9.333891272544860840e-01 9.344881772994995117e-01
9.356284737586975098e-01 9.355860948562622070e-01
9.364209175109863281e-01 9.377611875534057617e-01
9.395225048065185547e-01 9.416870474815368652e-01
9.411121606826782227e-01 9.410600662231445312e-01
9.412706494331359863e-01 9.414706826210021973e-01
9.411363005638122559e-01 9.405570030212402344e-01
