3.236260688781738537e+01 2.958488761901855568e+01
2.881598680496215792e+01 2.836047267913818359e+01
2.801310026486714833e+01 2.783575244903564538e+01
2.756710969289143875e+01 2.744678182601928640e+01
2.725935783068339191e+01 2.719261503219604492e+01
2.703162885665893711e+01 2.699200201034545898e+01
2.685727630615234318e+01 2.686398494720458885e+01
2.671195428848266573e+01 2.671133998870849524e+01
2.660739801724751885e+01 2.652383947372436523e+01
2.597159211794535238e+01 2.546084152221679631e+01
2.436655057271321567e+01 2.310186029434204258e+01
2.169928554217020533e+01 2.116488616943359347e+01
2.095778031349182058e+01 2.083396089553832908e+01
2.069093297640482731e+01 2.060291831970214815e+01
2.050598916689554940e+01 2.044572866439819236e+01
2.036692182223002234e+01 2.033558603286743249e+01
2.026682735125223900e+01 2.025275344848632741e+01
2.018402884483337445e+01 2.016706110000610508e+01
2.013407742818196766e+01 2.014068002700805593e+01
2.009701012929280495e+01 2.009282829284667926e+01
