3.362495660781860352e+00 1.549747943878173828e+00
4.323083400726318359e+00 1.519003987312316895e+00
4.653799533843994141e+00 1.501106977462768555e+00
4.860818386077880859e+00 1.479462146759033203e+00
5.018716812133789062e+00 1.473100900650024414e+00
5.148266792297363281e+00 1.458482623100280762e+00
5.265182971954345703e+00 1.441581130027770996e+00
5.383428573608398438e+00 1.422470092773437500e+00
5.495554447174072266e+00 1.352232456207275391e+00
5.930706024169921875e+00 1.312487959861755371e+00
7.361689567565917969e+00 1.236444473266601562e+00
1.088875198364257812e+01 1.180768966674804688e+00
1.267105197906494141e+01 1.179525852203369141e+00
1.351760578155517578e+01 1.180801630020141602e+00
1.421131896972656250e+01 1.182386875152587891e+00
1.471840667724609375e+01 1.179457426071166992e+00
1.525029659271240234e+01 1.183488726615905762e+00
1.565231800079345703e+01 1.175999164581298828e+00
1.594576549530029297e+01 1.173748731613159180e+00
1.611516761779785156e+01 1.167577981948852539e+00
