7.818512916564941406e-01 8.541865348815917969e-01
8.623690009117126465e-01 8.696853518486022949e-01
8.727946281433105469e-01 8.766456246376037598e-01
8.772699236869812012e-01 8.797451853752136230e-01
8.799662590026855469e-01 8.823662996292114258e-01
8.821725845336914062e-01 8.842527866363525391e-01
8.837289810180664062e-01 8.849353790283203125e-01
8.849785327911376953e-01 8.859114646911621094e-01
8.859372138977050781e-01 8.867697119712829590e-01
8.866635560989379883e-01 8.877915143966674805e-01
8.873111009597778320e-01 8.880217671394348145e-01
8.879480957984924316e-01 8.883550167083740234e-01
8.885527849197387695e-01 8.887231945991516113e-01
8.889725804328918457e-01 8.886057734489440918e-01
8.891608119010925293e-01 8.889724612236022949e-01
8.894628286361694336e-01 8.889311552047729492e-01
8.897337317466735840e-01 8.895256519317626953e-01
8.898268938064575195e-01 8.901087641716003418e-01
8.898738622665405273e-01 8.903539180755615234e-01
8.900471925735473633e-01 8.904419541358947754e-01
