3.283561300595601296e+01 2.955987442016601463e+01
2.903234069506327231e+01 2.857952262878417926e+01
2.837381216367085912e+01 2.820772590637206889e+01
2.810643937428792327e+01 2.802030881881713853e+01
2.795266106923421390e+01 2.787782873153686580e+01
2.784600394248962374e+01 2.778965433120727369e+01
2.776604341189066716e+01 2.772845233917236385e+01
2.770567610740661735e+01 2.767891101837158274e+01
2.765792491277058929e+01 2.763735433578491296e+01
2.761849234580993695e+01 2.761294452667236499e+01
2.758621632893880360e+01 2.758698915481567226e+01
2.756028807004292958e+01 2.756062255859374943e+01
2.753993117332458596e+01 2.754280206680297738e+01
2.752573240598042759e+01 2.753922008514404141e+01
2.751311923662821357e+01 2.753102050781249943e+01
2.749881368637084833e+01 2.751032590866088867e+01
2.748861447970072547e+01 2.749910074234008661e+01
2.748012790997822918e+01 2.749424316406249957e+01
2.746833937327066977e+01 2.748520547866821317e+01
2.746019351323445790e+01 2.747646314620971708e+01
