2.975182056427001953e+00 1.216096639633178711e+00
3.984689950942993164e+00 1.197241783142089844e+00
4.235619544982910156e+00 1.193258285522460938e+00
4.348054885864257812e+00 1.192796945571899414e+00
4.412445068359375000e+00 1.191954731941223145e+00
4.457797050476074219e+00 1.191226124763488770e+00
4.491757869720458984e+00 1.189205408096313477e+00
4.517780780792236328e+00 1.186483144760131836e+00
4.538821220397949219e+00 1.185657262802124023e+00
4.557113647460937500e+00 1.185258984565734863e+00
4.573207378387451172e+00 1.186774253845214844e+00
4.587485313415527344e+00 1.185573816299438477e+00
4.599092483520507812e+00 1.184083819389343262e+00
4.607901573181152344e+00 1.183474898338317871e+00
4.616082668304443359e+00 1.182184219360351562e+00
4.623605251312255859e+00 1.184130430221557617e+00
4.629092216491699219e+00 1.183649063110351562e+00
4.633521556854248047e+00 1.183356642723083496e+00
4.638948917388916016e+00 1.184627294540405273e+00
4.643525600433349609e+00 1.184256553649902344e+00
